-72 -11 44 41 91 15 76 99 -27 -38 -10 -22 67 98 -24 81 59 -19 17 -34 43 38 -1 -25 -34 -11 -8 -4 80 -54 -39 20 57 79 93 -49 -8 60 -86 -76 22 11 94 -96 -62 -39 -95 -37 21 -4 -35 79 1 -67 -18 41 98 -64 -9 -33 -48 5 5 -66 -84 -76 1 84 -86 36 -25 -26 37 -75 51 30 -26 26 9 1 -6 -43 90 -84 -67 -74 -72 71 -45 34 25 -59 96 86 -60 9 31 -42 0 59
-79 -28 -74 -8 -61 35 -68 71 31 77 -13 60 -17 -14 -10 63 -3 46 86 -15 59 32 53 -11 -97 -4 -76 71 46 -98 -6 92 47 35 -53 75 46 94 -97 -10 80 -6 -63 55 65 84 -75 -11 81 -23 75 -5 -28 -14 -33 -63 27 22 10 -34 -21 -74 -16 58 50 -8 -66 -98 86 -70 -71 -47 52 29 -35 16 93 87 79 31 77 17 -76 76 -54 -96 -53 -70 -84 60 60 6 0 -80 47 -48 50 25 36 -22
28 9 -30 -95 -37 70 -79 -47 -56 24 49 -75 26 18 -79 22 -75 43 2 -64 -31 -97 61 -46 17 64 79 85 19 -56 7 90 52 96 -97 11 -5 -31 -40 -61 -74 -6 -14 -90 8 -96 22 60 -34 -91 85 6 17 -90 60 -100 -1 58 -98 84 66 -73 -61 -76 -72 -59 -74 91 -82 97 65 -34 6 -99 -66 -27 40 59 5 -15 79 99 -59 67 -11 46 -13 94 62 54 -37 -80 -94 95 78 57 75 39 -69 18
39 -34 -64 64 -35 -62 56 -19 69 -67 -67 -38 33 13 25 -56 22 -53 84 -37 99 17 52 -31 -75 -45 40 -24 81 81 77 -60 -9 15 -26 2 -1 -11 54 66 -97 -17 -64 -32 -99 -56 50 -80 92 -62 75 -86 -11 -68 -85 83 -34 -93 69 41 93 92 13 -52 -68 48 -28 55 -5 75 -87 21 62 -77 43 36 4 -29 3 80 -8 -72 -5 32 30 -15 64 60 -57 -34 -59 -59 -72 -4 -6 92 -54 81 86 92
-7 73 -15 26 74 37 7 26 68 53 -90 45 69 15 19 -20 45 33 -86 52 32 -77 59 -34 17 -23 92 -87 -53 -37 -35 -24 75 -81 -13 41 -42 22 0 26 6 85 -68 82 -15 -99 -65 -73 7 -32 51 -89 88 -96 -52 99 -70 -40 20 -67 93 15 4 11 60 92 -44 -80 -38 -43 -79 -19 -90 -81 -79 -23 -94 -51 -48 -92 -95 2 8 -88 10 58 -99 -31 -98 43 48 -19 -70 88 37 -57 -2 -44 -97 -64
-6 54 4 66 -58 -99 49 73 8 -46 -35 18 69 92 10 -4 96 -89 -8 -83 74 -87 68 89 64 62 -90 -5 -84 80 46 9 -12 -12 -92 16 16 -94 88 -25 27 64 -100 66 -7 -39 -93 -14 76 -49 45 -71 2 62 33 38 -22 -18 -57 22 31 -23 -71 -48 -9 -44 -65 -31 -69 39 -77 -99 -80 29 -53 -60 30 -7 95 37 -83 28 -95 68 73 -10 11 -46 43 84 -76 33 -14 -47 -12 -61 -27 87 -26 -32
32 -80 -76 70 -43 7 -100 95 90 51 -4 81 51 -85 -60 -46 -88 -8 -91 24 55 14 13 1 54 27 -74 -1 31 46 -57 -81 85 -16 -36 -65 10 -2 -47 -10 17 -21 4 -73 -32 72 -4 -97 23 -60 5 -19 -30 -7 36 37 35 -49 -3 43 -48 12 43 72 30 39 60 54 -77 31 83 -74 33 60 36 -84 59 -35 -75 30 -93 95 56 -16 -21 -26 -15 -87 96 22 98 -75 -63 6 59 -65 46 6 -52 85
-19 -77 54 -20 26 -3 -30 81 49 -72 -40 -7 2 -21 -77 56 56 -98 56 -43 26 -93 -50 -7 -9 -60 -81 92 0 -69 60 99 -78 16 -8 -40 -88 42 90 -63 -9 -96 -11 -40 -69 99 -85 -4 -99 -58 -49 69 -57 -77 -45 -10 -88 -92 78 48 -72 -70 1 52 36 34 38 89 -18 41 97 86 -1 -2 -49 -34 16 -56 15 -93 -61 -29 -44 -31 -47 72 -5 -45 68 35 -81 80 -60 -98 16 69 -64 34 -94 -100
-32 25 -4 -46 64 -10 -27 -8 -27 -67 29 95 30 -60 6 -13 -57 83 -60 81 50 -90 85 -87 -78 -44 71 56 16 97 6 45 70 -42 -64 -39 94 59 -34 -54 43 7 29 81 99 -24 -57 56 83 18 21 6 -99 43 -82 -5 -87 65 -74 -85 -19 67 97 -54 -78 74 71 -1 -10 5 -89 -32 36 -36 -66 90 -58 5 8 16 -57 90 0 62 57 -12 61 21 -39 3 38 -56 50 -73 -17 60 49 81 -54 12
-60 59 -49 -11 73 -8 -20 30 60 -96 92 -54 -72 64 -12 8 53 56 -29 4 -98 -53 -28 66 89 -96 -7 85 71 78 15 45 -61 -33 98 -74 -88 95 -45 -98 1 -81 -99 -62 -24 -76 -26 79 -18 -86 57 93 69 42 -71 -84 15 -9 82 -6 38 -39 55 72 -10 28 1 -56 61 85 8 77 4 31 37 -68 81 36 74 -99 19 -49 94 1 -93 -17 -88 99 -60 38 99 0 -53 -49 44 42 27 34 22 -6
-60 77 -80 41 -32 -17 -69 -5 -7 -27 -16 -39 54 -16 60 34 76 18 -61 -82 73 -62 -65 9 0 55 33 -76 -23 -20 11 -77 -72 53 -93 -43 -53 -39 -66 29 -25 -98 -84 -27 -39 31 -43 77 -51 99 -8 9 -34 -53 -63 -28 71 -19 -87 31 46 -11 -10 -42 90 -3 -96 -87 -75 3 61 -10 97 27 6 1 -52 8 -79 90 25 -64 -86 -63 -81 -72 73 -55 -45 7 -15 -59 26 -61 14 4 -78 -6 -11 -75
12 -38 92 53 -51 10 -66 -49 59 -79 -82 -72 19 -76 -23 -50 95 -43 82 -38 -16 -59 54 -86 -42 18 39 72 -10 24 17 34 58 -27 -84 -51 -52 -2 69 -39 -63 -11 -24 -42 61 -57 -42 -23 -22 47 -68 -38 5 84 49 -82 41 -55 64 -47 68 -68 77 29 -82 16 98 -88 -70 -59 26 -19 3 31 -98 -57 79 10 24 -52 10 77 13 -78 -31 68 16 -83 86 -96 53 -30 -59 99 53 -30 -26 -54 85 24
86 0 90 -18 26 -6 64 -34 16 84 -17 51 -1 -10 83 -44 88 -96 -37 -68 -99 -32 74 39 -93 -58 -77 -59 23 43 -92 40 77 -87 -72 -87 29 -73 -69 -90 -4 -22 47 -40 9 -9 60 4 29 -60 -53 63 -74 14 -5 -32 -44 96 28 -46 0 -13 -95 -29 22 1 48 71 -53 -45 -25 67 54 -71 -53 36 -84 21 3 -77 2 -30 25 93 60 16 37 85 31 -55 -35 -54 -8 -23 -73 29 19 37 -61 -65
48 -32 85 -68 -12 -63 -55 47 36 -58 -45 -3 83 -14 -56 9 -17 24 91 -78 -7 31 69 -33 -43 -45 -64 46 -80 -87 43 -24 80 1 -76 -23 28 49 56 67 40 39 -98 -38 -80 2 -84 -89 99 -70 -49 95 -11 -27 -90 -68 -55 -22 -46 -41 82 34 88 99 -8 -90 47 75 -29 -67 1 82 -32 -44 41 19 95 12 90 97 -69 -35 -9 46 -93 79 -88 12 52 -96 -34 -65 -84 2 81 66 -83 -39 46 87
18 -21 68 77 52 -27 36 18 -12 41 -19 29 -65 31 -74 13 10 -12 80 4 65 52 58 -55 -5 -21 -71 -27 -41 34 77 14 33 -20 -52 -81 62 -50 -44 -24 -86 79 -15 -100 -23 8 -54 97 49 -96 8 57 -50 14 61 97 -80 53 -66 -87 -46 32 -59 94 -48 -50 -79 48 4 -26 -99 -72 22 -34 86 43 46 -38 1 -54 93 77 -90 -58 -22 37 39 -99 -19 53 95 28 47 -97 91 -41 72 35 -30 32
-82 51 -94 -11 -15 94 -12 -90 85 -77 72 -3 -78 53 -42 79 -10 -75 45 2 71 88 -93 -99 -38 -78 75 -25 60 22 90 74 96 48 -14 24 18 12 -12 -53 -42 -20 -67 -65 1 92 91 -8 91 -66 81 -71 10 20 62 -20 15 -16 75 -49 14 98 -38 36 -15 53 98 19 23 77 -72 -83 -25 21 41 85 68 -76 -48 -70 14 95 49 -93 -52 -51 67 -27 51 -57 -3 -14 68 56 61 60 91 -40 -49 -12
-56 -74 -55 -44 60 6 6 -81 -70 81 -43 -27 30 -97 12 53 -76 -83 33 -60 1 76 62 -58 -77 35 9 69 -36 81 83 -68 -24 77 50 -14 -82 3 50 88 63 11 82 -66 -68 10 38 29 -93 -65 -19 -55 21 53 -65 -14 84 -65 21 5 -39 95 88 20 -38 -92 -92 55 -97 -54 2 -1 12 55 -65 4 -29 42 -86 94 62 -7 88 74 -81 6 -44 44 -74 53 -49 42 -81 -18 -9 44 84 1 92 0
1 -4 -25 66 73 33 -60 32 35 -83 85 -20 -34 91 -14 -53 -5 39 -16 -43 6 52 -74 -17 52 19 -69 -83 -53 74 -85 40 -83 -84 15 -18 31 -94 -56 -24 17 71 29 -17 8 -1 81 -18 -84 80 -98 87 92 19 71 -79 90 62 -92 39 -85 22 -62 -42 63 38 -23 -24 99 65 -78 -16 56 6 -3 -29 21 -12 96 20 -31 67 99 82 -96 -91 -41 88 -83 -50 -28 28 -17 -86 23 -76 87 67 -81 -87
80 24 33 53 27 -53 17 -66 -18 -34 75 12 96 -96 -35 16 11 -8 39 -100 30 51 -61 69 -82 -71 -75 63 -66 35 -94 -6 -92 -51 89 95 -82 -57 98 34 -47 49 -74 -57 -33 -38 -65 -35 14 88 -29 -20 9 -94 -55 -38 -83 -17 99 -26 14 63 -5 -15 -81 89 23 -91 -91 -72 -42 -82 -60 78 -32 -47 18 -80 -67 -46 34 -22 82 47 -37 -98 -39 -84 -51 45 16 5 60 22 -45 -88 -18 59 -14 -26
-97 -2 75 -32 6 -57 -36 40 22 -60 -96 -87 0 -63 -81 -90 -6 15 73 5 -23 52 90 94 -30 95 33 -2 -42 45 51 -52 60 45 90 46 -65 47 9 56 86 -34 92 18 -100 16 54 23 -35 -76 -6 92 -63 12 88 13 32 85 80 5 -55 46 96 -25 36 -25 -58 -1 61 -10 78 -18 69 25 -88 -87 -53 1 62 55 -64 -76 43 71 -44 -77 -46 -96 4 67 -97 81 -12 -28 -26 -99 28 -32 -38 -61
43 -22 94 -13 -66 -4 83 30 -81 -39 -97 -97 57 66 -90 7 -68 42 -2 -86 54 -61 -28 93 97 90 41 -10 -21 -68 -59 47 -36 -47 -23 -100 1 95 32 -100 37 93 -31 -71 -45 35 68 89 0 -34 -53 28 24 99 67 66 46 40 76 -10 78 30 -74 -3 -34 -5 -19 1 12 -32 74 -21 -73 97 -38 25 -58 49 -90 35 24 -66 99 83 25 -100 -49 84 41 -70 90 12 -53 52 66 40 -45 -48 -36 -90
41 6 -65 -24 -22 73 78 14 52 -24 -74 40 30 -25 91 -61 32 -7 25 91 -82 70 -76 -35 -91 25 -59 -45 -33 -89 88 -50 -34 -64 27 41 83 -95 -93 59 -91 5 -97 -2 31 -87 -65 -91 -62 -100 74 -16 -69 28 60 -69 71 46 18 -93 -71 -47 31 -58 21 99 -16 -64 -87 6 -31 59 -61 39 -34 13 54 64 28 74 31 17 -30 58 -11 70 16 59 99 4 -94 -38 -11 -14 -48 6 61 -58 -10 -90
62 -53 29 -4 27 -44 -82 -65 26 -2 9 -16 11 52 28 93 -96 35 -16 -8 62 -98 94 75 17 70 -47 -83 -22 -88 50 -23 -11 72 27 -97 94 -21 59 44 19 -87 46 28 61 -98 -20 -47 -66 -93 -14 9 -90 83 -58 1 51 70 0 75 -42 -34 -83 69 -94 3 47 21 58 -2 48 46 -13 -9 13 31 73 -9 22 -100 -18 -82 -93 -99 -97 43 -92 -26 -51 79 -57 37 -21 84 -91 -24 -100 -88 85 44
41 -30 -5 -12 -87 -82 -34 74 75 -27 -35 1 51 -94 89 -58 22 50 99 -23 29 -59 13 -17 -11 85 -92 6 76 95 -68 -45 -39 -35 56 -53 -83 1 28 13 -68 -79 -46 17 -69 54 -92 61 29 16 -52 -76 26 68 -66 -37 -22 -69 71 -22 -44 -2 6 -39 -63 10 -50 -70 61 -35 -86 -37 61 -84 0 -46 -59 68 68 -43 2 3 -2 -24 -7 20 71 72 -18 64 41 74 81 94 41 -25 15 -85 -50 34
-19 -6 -59 9 78 -48 4 -41 -23 -53 91 -86 45 -26 55 -23 -26 -72 -35 -23 32 64 75 -74 -27 17 25 -67 56 -19 -80 36 -54 -79 -27 -15 -74 24 -57 48 -12 24 69 -45 33 28 -21 67 -81 45 39 -71 -51 54 -90 56 -93 -24 -67 9 47 -80 2 -59 84 25 18 -56 98 -37 -53 84 -61 -92 41 16 92 -80 65 63 -47 -88 -50 80 71 72 29 91 16 57 -82 -33 -73 9 -3 -5 73 -70 77 16
-67 33 39 92 -50 -40 50 -93 16 20 60 49 81 93 -4 63 28 12 -62 95 39 25 38 69 1 -30 13 -19 5 37 -4 -21 83 -19 -83 -63 36 -77 -1 -34 -9 -4 46 57 -11 32 30 25 -38 -47 -60 -35 44 -41 -5 5 -55 53 -58 -87 -44 -15 33 -7 -34 56 81 30 -12 -9 63 46 74 -99 57 99 55 85 -58 29 -66 56 84 -44 -15 -49 -20 -100 -79 -44 16 81 46 16 60 -75 41 -54 -13 -41
-51 -10 -86 -41 -90 20 -31 19 64 13 -90 36 -17 25 78 79 42 -87 -91 -2 -1 -35 -24 31 45 75 -8 29 -81 -74 34 -17 6 -55 -24 -92 -35 18 29 -97 34 -71 -95 -17 -77 21 -81 42 67 35 -94 -9 30 94 78 16 35 33 -16 -67 4 -15 31 55 -43 -42 94 48 38 26 -85 95 -65 3 69 61 9 65 69 23 -41 15 82 -24 48 9 -64 -12 7 -67 65 -83 21 87 -16 34 24 43 62 61
82 -93 17 26 66 -84 83 -39 -35 84 -58 -20 -59 8 -17 24 -54 -32 -10 91 -2 57 60 -1 -43 34 -94 74 -97 -11 89 20 5 -67 -60 -48 14 79 74 -37 -74 -81 -42 -30 27 -61 -52 -21 -57 -74 64 -28 16 72 -1 -52 14 44 92 21 -68 -94 -19 74 20 18 -69 -69 55 36 93 94 -75 4 -37 12 36 -15 61 -3 34 -4 44 95 -48 -4 -18 -31 31 -16 4 -52 59 -83 -6 9 -92 -40 -16 18
44 31 46 28 42 23 94 48 -44 -56 -46 -83 -29 -27 40 -78 62 80 51 -42 56 45 -31 -83 -92 -50 69 -11 -5 41 49 -49 20 9 -28 -52 68 -38 -16 -26 4 -99 4 -72 -8 -35 -19 -12 -22 -66 24 -67 83 -92 -21 -5 -94 -19 77 -26 -48 82 -30 72 -16 1 26 40 26 50 66 30 -63 81 -98 55 -31 24 90 12 25 63 -75 -84 -43 3 47 -91 4 -17 36 49 -2 -23 29 -35 -33 -71 -58 -39
8 66 -26 -70 94 -98 9 36 49 44 47 -19 -35 38 -69 -18 -78 -44 24 42 -73 -19 -97 36 -16 43 -8 30 -5 46 78 -77 77 -22 48 -87 85 21 -45 -35 -56 -11 29 -65 -28 37 58 -78 -17 93 20 -41 -40 -92 -28 20 45 -45 97 75 48 15 -26 -58 -28 32 -56 74 66 10 -54 -62 -33 40 24 85 -23 -69 34 -50 -1 69 -39 40 -70 93 -48 6 -7 -12 82 -60 -41 -47 -87 23 5 13 -32 70
-96 -68 2 91 24 -91 -64 82 77 78 -30 -77 24 -25 -3 -56 -86 2 98 -54 12 34 67 15 -33 96 31 78 -40 55 -58 -87 31 -58 57 -92 58 -65 16 50 -72 82 -91 -76 -89 82 -35 41 78 -38 38 -25 67 -36 -57 -46 2 80 38 -98 -17 21 95 -10 -2 32 -37 -24 97 86 24 -68 -45 44 23 -48 6 51 89 -35 -8 21 35 -10 -51 -75 -62 -79 -71 -69 -85 49 -27 -60 -10 -35 25 -25 30 98
-39 -28 10 -34 -46 29 -86 -51 68 -16 92 -84 -86 -82 13 70 27 73 48 -92 45 -45 8 30 22 -87 -78 -81 -6 78 88 28 -16 -53 52 -30 -8 -9 -32 42 -32 -76 -70 -77 75 17 46 30 -57 -78 -100 -72 51 -72 44 -45 -67 3 78 86 8 51 -32 35 21 83 -98 -46 73 -88 99 -23 12 57 29 -35 55 13 -40 -31 20 -79 -50 17 -92 -1 90 -37 57 -72 47 79 97 -68 67 65 74 83 -81 72
-62 72 -7 79 -83 -51 8 40 53 -77 57 85 57 99 56 -59 -64 30 -59 87 61 -54 52 -48 99 -55 -39 31 -44 -65 -67 16 3 39 72 -41 -81 -19 -26 79 30 -100 -95 21 36 -64 -9 44 -74 19 62 -35 91 30 -62 91 -88 -28 -63 -69 40 -43 36 57 -33 53 -28 35 -25 -58 65 -51 13 56 -33 -44 -95 -1 88 -11 88 33 -4 62 -30 51 -60 -17 -99 78 26 56 5 12 21 46 -84 98 -3 -64
17 3 14 27 -25 4 28 -27 -87 -24 4 -21 -69 92 47 91 39 71 -4 -73 -13 -8 -82 5 -55 -18 59 43 -100 34 -69 59 54 -50 99 80 -60 -11 -19 75 -78 2 3 44 -96 67 63 15 -42 -79 14 -36 7 -91 40 -79 -9 40 -94 88 52 5 -13 -30 -55 60 6 19 28 44 -97 -90 -41 -24 65 73 -22 53 2 98 -89 38 85 -27 -19 68 -100 -37 3 -65 -71 27 88 90 61 -88 50 8 -87 67
33 -13 -74 99 -43 -68 8 -22 -96 -53 7 -56 -78 39 -50 39 26 63 30 61 53 -15 -41 67 73 56 36 -31 54 15 -67 -45 -58 20 -49 -69 30 36 -11 93 18 21 3 55 -94 85 -14 -37 23 -47 73 67 75 -15 -38 74 -97 1 81 -25 78 -25 -33 78 51 -29 58 -5 68 -12 96 55 -77 -83 -58 -96 -58 -86 77 24 17 16 -49 61 84 17 43 59 -92 80 16 -89 3 -42 -63 -96 92 13 14 64
80 -27 20 99 -89 -23 -14 -54 28 -40 -31 -30 -97 73 59 -13 97 -46 17 -46 69 -97 -28 94 95 -51 -47 35 86 62 -8 -90 -80 -78 -96 2 55 59 -79 -28 -57 58 8 21 -4 -40 42 90 -28 -89 -40 28 60 -19 39 8 -75 -100 29 -35 -92 22 -22 89 83 27 -27 -93 58 -57 -80 72 48 -53 72 -77 88 -15 75 -55 -22 73 62 80 -48 52 73 97 82 13 15 -19 74 -40 25 -52 -1 -82 -32 -13
-74 53 -6 46 46 -84 -31 98 57 -16 -93 51 -54 -43 -6 40 80 81 -31 38 -4 -99 -34 36 -41 34 2 8 69 7 -52 -15 -100 -70 -34 4 -84 7 78 46 -67 60 -40 53 36 1 -91 -77 -59 -95 68 98 22 26 9 -39 56 -34 22 70 9 32 64 -43 -50 17 -83 54 -70 -56 67 -57 49 -67 96 -17 18 78 82 -57 82 -73 73 19 52 -20 -71 90 91 86 -66 -59 0 12 22 62 -46 -78 35 -60
-87 -78 23 -54 8 79 72 10 33 90 31 86 -38 -67 -50 -11 -31 27 -28 -66 -55 -46 -74 84 -71 -78 -87 28 24 18 98 97 -15 -61 -56 43 94 51 -72 12 41 -47 -79 -35 -95 12 36 67 -28 -39 44 84 19 -77 -35 -31 -46 -53 32 68 -5 18 -91 -85 60 9 -36 22 23 65 25 28 49 -48 -86 -42 -69 8 20 23 44 -7 -68 -31 -43 -87 -8 -45 -69 38 74 -95 -57 -95 -3 -49 70 20 -8 -65
-94 -28 -6 66 -76 -47 -42 -92 25 -46 12 -41 95 62 -50 -46 10 -19 -72 10 -22 39 28 -92 98 6 23 -96 -37 -90 -78 31 61 17 72 -67 -100 46 54 16 61 83 49 -76 99 -59 -5 -9 63 61 87 53 45 -5 96 58 82 -3 73 -75 68 7 82 5 -88 -12 46 9 -91 -70 97 88 65 17 50 -84 89 56 -5 -9 -95 41 -73 24 -18 -57 -93 -46 44 -83 -66 -26 -52 -99 2 -56 -62 18 -25 -62
-78 40 -38 -51 -91 11 5 -70 -82 -19 -13 -25 -3 53 51 9 -42 78 -83 90 11 -91 -16 -12 34 9 -48 14 89 12 12 -49 75 41 21 -57 33 6 41 -22 96 5 60 0 -7 76 -88 -51 -69 -90 -37 -7 -24 -44 3 8 -51 40 -43 -37 92 -9 79 -61 25 77 -2 -86 -5 58 -77 -89 -81 -64 -35 78 50 80 48 51 35 -19 -43 25 36 -1 -78 -83 29 -39 6 -44 43 -22 60 87 -8 -54 63 -69
-93 -23 -50 86 77 0 89 -78 49 -8 90 52 -62 94 3 68 62 -31 -44 62 1 65 -70 59 -63 67 79 -34 89 -18 -20 -35 -6 30 73 -38 93 -8 82 -4 -93 -16 90 63 -86 -64 -24 -69 -91 -97 33 23 7 -79 28 -4 66 -91 -48 -84 -100 38 -60 58 71 -48 -68 79 41 -76 38 8 33 19 44 43 81 75 3 31 -63 73 -35 -22 21 -49 34 -90 -30 14 -82 -61 85 -2 -33 -11 83 -66 -74 71
-2 -76 -41 -94 -27 56 8 55 -78 47 -76 -11 -57 3 -62 -30 73 3 21 31 -45 -68 69 -19 -10 -78 7 -36 98 12 7 -77 38 71 -94 77 -71 66 97 -32 0 -29 11 86 -65 -70 -77 -98 -75 -60 -18 75 -99 -37 -23 -92 -14 -22 56 -93 -29 -29 -31 -71 5 50 -38 42 -57 -99 85 -73 -77 38 32 66 18 5 -85 66 8 -91 6 -43 63 -29 61 84 -88 -96 31 -60 -36 -7 -24 -66 98 59 95 -68
30 42 39 -5 75 -15 -63 93 -29 81 80 -29 18 72 31 -2 -79 -10 -84 49 91 55 10 -34 -88 19 49 36 -48 50 -95 95 80 87 45 -13 21 24 -38 73 -49 -22 28 81 82 92 -31 65 -36 -60 -89 -20 42 -95 -95 -21 -58 40 67 43 91 31 -91 55 85 2 -69 55 -21 -93 -12 84 93 32 -10 67 43 39 -39 6 -14 -36 -88 -45 29 27 76 -54 -56 -54 76 -63 -63 81 80 74 -5 48 -60 47
86 -61 -89 50 50 39 -17 -50 50 43 -80 5 -36 46 -89 -18 -3 -77 46 -11 -22 -32 -4 68 94 79 18 82 3 -1 -75 53 30 70 1 78 -8 35 10 -38 29 -72 81 -15 69 32 30 17 59 -55 -10 -8 -66 39 96 -45 -83 -45 -40 63 49 7 86 -53 -5 31 36 13 28 -17 73 -4 -38 80 -71 95 77 -86 -67 -86 15 -32 -87 6 -19 4 30 -92 26 47 -39 -18 -96 89 22 70 43 -10 -18 98
-27 -1 -15 65 -51 32 11 27 -11 -22 -23 78 57 -85 97 6 -94 82 -16 44 54 96 21 -31 36 -33 -16 -52 -85 -48 28 -5 0 -36 -79 67 89 -4 -78 20 -86 -24 -26 78 25 -43 75 -30 -72 -57 -39 -2 -72 60 51 87 -1 44 87 64 1 19 98 -77 -23 66 -49 -66 79 68 -38 -37 79 24 16 -31 3 -91 -63 49 -33 28 71 64 -73 -33 10 91 41 -1 -41 -53 -91 -100 68 93 -73 23 -48 -83
69 28 89 10 44 45 -64 -52 11 58 -17 26 -78 46 -89 -23 -59 -32 34 60 -82 -20 -38 -77 -43 33 -30 67 17 68 87 54 -52 -76 77 -8 72 -42 -54 35 9 21 75 -100 -57 -81 90 -96 -58 -71 40 -17 -59 -76 37 15 -64 72 38 92 -74 -70 18 -41 56 -88 14 -79 81 95 75 95 8 94 -22 -45 -70 0 36 91 -34 3 90 56 75 79 41 63 25 -48 22 49 -43 26 -8 -59 -75 92 34 -77
85 45 52 -33 26 47 -99 -53 66 23 -100 91 -90 -94 25 -33 -28 -92 -93 -74 52 63 19 -3 1 5 -100 27 55 -46 7 73 96 89 7 -32 37 -15 77 36 -61 -59 -88 30 -46 -39 87 -55 -85 68 -18 37 3 83 -82 -20 -21 -63 -60 70 -93 77 53 74 -25 19 78 38 -69 -57 -50 -60 -21 95 69 72 15 -65 -36 -26 9 -8 0 -52 -44 67 -27 36 -47 39 29 -19 89 59 6 93 -1 -58 5 11
-99 19 -3 77 60 55 -69 -74 47 97 28 -7 -47 55 -64 92 -16 51 54 11 92 -74 -33 8 -42 76 98 -6 -53 -64 40 -49 80 -4 71 89 -62 15 98 -85 48 33 72 -22 -33 -59 95 66 -84 -83 75 -10 38 -33 -77 -29 24 -1 62 -67 61 35 -88 -44 27 4 70 77 65 -74 9 78 -94 -72 -19 22 6 1 -61 71 81 63 -16 32 86 64 -86 81 -11 -59 -13 -66 19 -75 22 10 -42 -43 7 -15
-64 27 -99 56 35 -4 -83 -63 2 -41 80 38 -17 -99 -13 38 36 -91 25 -98 -49 26 -84 83 -62 80 86 -55 -6 -25 40 -47 -11 -80 -81 53 55 84 4 -7 -55 -5 -79 -43 -85 -2 86 -2 -44 -76 62 -23 -13 1 10 91 -26 -45 -47 -57 -100 -84 -21 96 1 52 -6 -20 -6 89 -38 31 24 -35 36 -54 -27 -16 -73 53 93 23 24 -70 -84 -36 -75 55 -68 -62 -47 13 -33 -91 63 23 37 58 50 72
99 -12 4 -70 71 -32 -75 -47 37 -70 -74 97 73 31 -15 -68 18 -65 65 13 -43 5 -48 -16 -8 95 -23 -10 33 -28 -26 20 -91 83 -75 13 -12 -54 12 -88 -49 -71 -16 -75 -49 56 88 68 -85 4 4 -53 -76 -49 -69 -76 59 93 -80 35 95 3 68 95 92 52 44 89 54 84 -81 -13 48 82 -43 -3 -53 -46 -71 -71 -37 65 8 54 -76 -38 -65 -5 48 90 75 61 -2 -84 -45 -90 -30 10 -59 43
-77 -59 43 44 37 39 20 -80 49 98 78 -33 1 74 -58 -81 57 -47 -63 -23 -62 -29 -6 -24 87 47 71 -12 76 -51 31 21 89 4 -17 -15 18 -57 68 78 -3 65 47 -64 5 -72 -67 20 -23 -96 -72 -83 -64 -19 0 6 -61 -12 20 -49 -81 -86 -64 -10 77 0 9 -53 -62 32 38 97 -21 84 -85 46 39 -97 55 -89 84 40 32 8 85 61 -95 -17 78 -74 -96 91 14 -15 -59 -87 4 -31 52 61
7 -15 -71 59 -48 43 54 -25 53 -23 52 -49 -56 18 83 63 36 -14 -97 19 -20 -43 47 -74 -23 -93 -77 91 -44 44 47 57 -77 9 24 11 97 51 22 -10 8 8 34 55 -88 -15 -46 39 34 -7 -25 -82 -5 -100 -38 44 -52 30 82 -17 47 19 74 69 -46 7 -85 -91 -59 92 5 78 -12 -46 -10 98 93 -10 -38 -15 -53 -86 -54 78 93 -73 58 -15 -24 96 97 55 -77 -53 62 -14 -92 -26 -55 -85
22 -35 55 -19 -67 -18 -9 24 11 23 -70 0 -61 1 -6 20 27 6 51 88 49 80 69 27 70 77 65 -36 89 -99 1 3 53 76 -57 67 -75 -21 63 -96 91 16 -32 -58 29 55 -12 -18 21 -75 34 -22 -5 -59 -23 -22 91 79 -18 40 18 -35 18 -15 72 28 2 -50 -96 -5 -67 93 97 -22 -46 -17 59 74 -46 -88 -1 -19 -39 45 -73 -97 88 -35 -28 24 -30 -81 46 55 -95 88 -12 25 -54 26
-74 98 58 61 -91 87 55 88 -16 -44 31 60 29 -98 -22 84 -68 34 -47 75 65 93 -23 -33 71 64 -61 -86 -53 34 -90 -81 -34 -20 69 48 -53 -23 97 40 85 -34 -6 -6 27 -53 22 -38 70 83 36 -12 -17 13 51 -10 -29 55 -63 30 -91 1 64 -68 16 85 50 -16 -12 54 -18 31 42 65 94 46 16 13 46 -95 -62 -85 18 75 35 -90 89 -93 -81 -55 -89 -69 -24 -77 -5 34 -42 -59 12 -48
-10 -69 -50 -18 -83 42 -15 47 -96 60 -11 -16 -73 -11 -41 30 44 69 -40 -44 90 99 -90 -30 -24 -2 88 61 81 -83 18 98 18 -64 -67 25 -35 2 91 -75 -8 58 84 -81 39 -32 66 94 50 -53 -47 -13 86 -77 30 34 -21 -64 29 20 2 -42 -70 -10 -53 -89 -61 -94 91 59 94 86 67 49 -93 29 4 -2 -72 76 -92 68 -52 85 16 14 17 67 -19 -23 -62 69 81 -66 -47 -55 78 92 -17 -56
1 -10 -96 -89 77 -100 -8 43 -29 -91 33 89 17 27 15 -45 -8 62 -63 82 20 -33 -76 42 99 39 -33 10 11 -77 -92 -52 90 90 29 63 18 3 20 -36 -87 -99 -93 -7 85 -51 35 -59 20 -87 26 56 21 66 -37 -29 -27 89 -97 -43 -29 6 28 18 -20 -58 -52 -56 -8 71 -4 30 -89 86 85 -34 64 29 58 54 -64 -65 -94 -70 55 46 -53 10 95 -37 54 -66 -39 55 -21 90 -32 67 -90 -53
-35 74 79 -80 22 77 -49 -62 51 -77 32 31 79 -59 -61 -70 85 60 -10 2 9 89 39 -25 63 7 62 15 82 38 17 20 33 -99 -99 11 -43 -12 -35 -31 -4 76 -67 40 39 94 -2 -69 -58 -25 -93 -56 67 37 81 32 -43 -50 -50 38 -65 12 -53 -34 -39 2 -80 91 39 15 4 82 38 97 53 34 -64 12 45 43 -15 8 -40 23 -32 -60 -53 -63 -63 54 -71 -79 82 91 -30 -42 67 21 12 20
29 -84 41 -79 -29 -9 22 -15 -6 -73 17 42 38 -79 -76 95 -26 -33 -17 24 -66 13 34 56 -8 -55 37 -37 53 83 -46 62 -40 -71 -50 91 78 65 59 83 4 -70 20 68 44 21 -3 57 77 14 48 -66 -40 9 0 51 35 57 6 83 -50 -26 -25 -55 -32 -79 -61 -48 -76 84 -52 59 81 41 79 -33 -79 -42 -94 -2 71 50 27 -89 76 -93 -98 -98 32 91 19 61 22 -73 -86 30 0 35 65 -8
-53 -61 -57 -57 45 26 -97 -54 37 -4 82 75 75 1 44 44 -62 -84 88 75 -29 18 23 -48 63 -28 1 -15 -73 89 -24 -77 -74 -94 -67 92 -50 27 92 23 -9 -10 -92 30 80 -60 92 -78 42 -21 -48 -77 34 40 21 -92 -52 82 65 91 55 35 41 -33 83 -34 -2 -38 -1 50 92 19 30 -87 7 96 10 -18 -31 41 32 96 5 -75 48 -33 -15 -87 39 5 -95 -79 -18 -36 75 -62 -97 40 -87 72
40 57 53 56 -66 -34 -97 -47 -60 92 62 -28 48 -35 16 -55 33 50 23 18 -75 1 65 87 -99 19 -21 -94 72 23 -42 -3 68 74 -46 79 -36 -57 90 -20 88 11 79 52 49 -53 -71 68 35 -56 -77 70 -13 -2 38 62 30 -38 -83 63 2 -98 -46 -42 28 56 46 8 8 38 -50 -32 39 -45 -56 42 53 45 -80 59 -18 -19 24 60 64 -10 74 8 14 -42 65 69 -29 -53 4 7 -78 85 -91 88
-11 -29 2 88 -26 38 38 -15 -99 10 -24 91 -29 14 -20 -54 9 80 -37 -2 89 -31 -87 93 39 -78 -6 27 60 -9 -92 64 46 27 11 -73 94 -23 -78 90 9 8 -27 50 -39 -31 -91 25 33 65 -98 -84 44 -92 15 90 -99 -84 92 6 81 -26 38 -64 -9 92 89 -62 -79 64 69 11 12 96 56 -62 -69 25 -100 -52 -21 -27 93 -90 -5 -39 30 -53 -97 42 76 51 13 -21 -36 12 -53 76 -52 98
39 -24 54 81 -5 78 71 11 39 -48 74 -9 1 -33 -50 9 -28 -19 -74 57 76 69 92 -94 4 49 47 -38 93 -56 -85 -69 36 -69 -91 -74 -60 -47 -71 80 72 71 -61 -1 24 -31 35 -41 88 -9 74 46 84 -87 -53 39 -61 5 5 -60 67 -3 85 -91 -23 -57 79 -75 66 4 -75 32 -16 64 -17 -73 87 -38 -31 -24 -25 -17 57 42 71 40 -77 28 -46 78 -59 53 24 -42 63 -30 65 -40 31 -56
21 -89 40 11 -93 93 86 50 -21 41 73 90 32 -13 -75 88 -92 12 -11 9 71 11 81 -6 -54 95 29 -30 -6 -81 92 94 80 -6 18 25 -84 -89 -96 -51 41 -4 86 47 -53 -92 -87 29 -4 97 81 33 83 56 37 71 -64 -14 86 67 -14 24 44 -39 25 -51 4 63 -28 75 17 -29 24 -76 65 45 -92 -15 87 9 -57 22 10 51 83 -79 75 20 15 -65 -8 -62 81 78 46 -91 -71 66 64 -36
-87 34 -17 81 61 89 -96 48 -11 -76 15 8 -1 71 42 -28 -96 -36 14 10 -35 18 37 -67 -36 -1 9 -79 -63 84 -40 -9 -76 76 -87 -18 -64 -39 -74 -33 49 17 -88 62 -1 62 36 -88 47 -65 2 -12 -15 -86 59 -92 59 -85 -61 -16 34 31 85 -35 -86 -91 -51 -3 54 59 36 -88 -23 -73 -41 -100 24 4 68 -68 1 -4 -2 -47 -57 75 45 0 87 67 -42 68 9 48 1 38 -52 -11 95 -7
-27 -43 -51 89 18 -22 94 -55 40 -99 -67 -77 6 -11 -15 10 -62 62 -80 -76 -90 -12 35 -19 -99 -69 -20 -48 -62 84 -40 72 38 -76 84 28 79 -98 64 47 78 -25 78 -69 28 74 -62 -50 25 76 -100 -65 -80 -38 10 28 -43 -78 43 7 -52 1 5 14 -69 -92 91 -56 -59 92 -50 -70 -42 -76 -53 -42 -46 3 -86 65 11 -58 37 53 73 83 15 -80 -77 16 87 -16 -8 67 18 57 -64 -76 45 -49
55 93 34 -56 71 33 -74 -8 -76 -58 -66 -65 -96 36 -58 -85 94 14 77 -82 -96 23 69 -18 43 -42 69 16 -85 -74 67 -63 -14 94 -48 -48 -33 -23 40 0 81 -21 -39 68 75 -5 -53 29 -21 -65 32 -90 90 95 85 74 65 52 40 67 -42 33 21 -66 56 58 76 -65 8 -11 3 -32 78 56 13 94 25 -83 45 -5 97 -70 49 -9 -22 -41 -82 -46 -91 71 -25 85 -48 -48 29 -19 81 92 67 82
19 -38 -93 -93 -41 -20 -95 24 -99 -67 -78 -59 8 50 73 85 -46 -51 -91 -85 34 2 -34 29 0 83 -56 -14 -44 -88 -91 80 72 -20 3 32 7 -67 -29 -18 -35 13 -99 50 -99 40 -56 16 -40 92 -2 0 -52 24 42 -90 49 92 53 24 -7 84 -20 70 27 59 -65 23 -67 -52 -29 -35 -11 -12 -71 45 -57 -96 -57 -27 8 -68 -33 89 -14 73 47 87 -23 -11 -12 -77 53 97 82 -50 -7 87 65 -74
-54 -72 -27 34 -48 -58 92 -12 66 -27 -9 -66 -100 53 -47 -59 21 39 -78 -53 40 -89 19 -56 -24 -87 72 -73 8 6 38 -95 -50 69 38 -15 -13 13 -22 -52 25 90 94 -55 12 -54 82 -26 -92 -38 63 52 9 -26 95 79 -42 -40 -64 73 78 -5 -90 -4 -13 31 -95 -88 -16 33 99 19 -51 -44 -79 -28 -54 42 99 -95 -100 -93 81 62 77 -29 52 77 -96 -84 -92 -30 17 -94 57 -97 63 12 -88 -46
-3 38 -75 45 62 77 15 -80 70 74 49 62 72 -18 -86 77 -56 -91 -56 -27 30 95 4 -91 79 -72 20 -89 65 -42 -38 -60 32 38 10 -58 40 81 31 61 -23 43 38 41 -59 -93 11 -54 52 -80 -67 -77 -32 -15 76 -99 -56 -30 53 -98 48 69 -49 92 -72 -19 -21 87 -8 -72 6 30 21 95 68 -74 93 78 -33 58 74 -35 81 87 10 -99 93 49 -68 0 73 -95 72 -96 -11 -73 -2 60 -21 -47
52 72 41 -56 -41 42 -15 58 41 5 4 33 63 -2 90 80 -85 56 16 -46 8 77 -78 92 -42 79 -84 67 74 -36 69 15 76 -48 -5 79 -81 23 -24 62 -7 40 72 54 -57 -67 29 34 -84 -86 -3 42 -19 -15 -17 97 40 -74 41 73 -92 97 -91 97 -54 37 41 85 -37 -63 -41 62 -74 -98 -14 -13 -44 -99 -42 -13 31 -45 -46 -70 18 47 81 -38 -41 -84 36 84 -66 42 -13 -74 86 -64 -69 6
-30 -99 12 -31 45 94 -50 -6 -33 67 66 10 78 -67 92 78 86 -53 -42 35 -100 -52 -49 72 -76 -51 -55 -95 83 14 75 -99 -57 74 45 -35 -74 -96 -99 -50 29 35 -47 -9 18 81 80 97 59 -68 -63 -33 -18 -23 -91 21 -70 -77 36 -28 -78 -5 99 16 -59 -35 89 -71 86 80 34 -8 -32 47 78 -89 58 -53 -35 39 -42 -33 47 -85 -83 -64 -56 -67 -53 91 15 -34 36 52 -30 -1 -37 -94 -4 14
73 -25 -61 -86 51 85 84 -16 91 -6 -47 75 72 -39 2 -98 74 34 -24 39 3 86 54 -60 14 92 -30 62 -72 -88 14 81 -13 39 96 -80 -35 69 51 75 5 -29 10 -4 94 -91 -54 22 96 6 -32 14 -46 -51 -38 -14 -62 54 10 9 -82 40 72 87 -79 36 65 74 38 -24 82 24 -64 -34 -66 86 -80 28 52 44 86 16 -23 -87 13 -17 -78 11 28 2 36 3 79 55 -50 -76 69 95 73 -93
41 85 -20 91 -3 24 -79 5 7 85 -84 0 77 -33 15 51 71 -71 -63 88 -90 32 -52 -31 -62 35 42 -58 66 18 -10 -58 21 21 64 -8 -72 -42 82 5 19 -73 36 57 -80 86 -72 61 -49 -26 -84 -61 -11 30 -31 98 28 -84 55 -61 -56 -25 -26 -97 -30 4 57 -55 -83 15 -36 -44 -58 -11 -23 96 -58 4 38 84 -96 -83 47 -66 8 -56 -94 -11 25 -66 94 94 61 -11 -10 79 41 -15 -42 52
59 81 -39 54 0 -89 -43 -41 -89 -11 -6 -65 -93 -81 55 46 -66 89 -97 83 83 14 39 -98 71 44 75 90 44 81 -48 -75 73 -82 5 78 81 74 81 -27 2 52 -37 72 58 53 15 -33 96 -77 31 -40 99 71 -29 -17 -36 -60 -78 -58 85 -91 3 -61 -40 -5 -20 91 39 -26 54 48 -54 68 -6 94 -78 -39 65 15 -92 -25 97 -34 20 -51 48 14 27 -36 61 77 -23 6 25 -11 -90 43 -64 60
39 51 86 46 39 52 -59 -85 63 -44 -42 -53 98 13 -65 28 24 -12 -39 -55 3 -100 -70 78 -78 -97 -47 68 59 23 58 -73 19 -91 -16 45 67 49 91 94 6 96 72 -66 11 91 95 88 -37 -39 20 -20 91 -22 -18 69 54 3 -74 -95 -81 10 56 -51 -95 82 89 29 39 -50 -64 4 16 -9 -50 -14 88 60 -72 -81 -86 -73 -97 -58 -50 -84 88 -54 4 18 -46 -92 -92 -27 94 -16 -81 -13 -90 -66
4 33 -76 -77 -18 78 26 61 35 -57 8 -81 -50 -11 -27 51 39 -42 16 45 99 90 -38 -72 36 40 -67 -33 16 -68 -13 -78 72 -84 54 -18 39 -43 -58 33 -43 -99 -82 55 60 -74 -26 -20 -12 -40 31 62 -3 78 18 -25 -99 28 -29 -15 28 86 -23 78 12 -13 -78 42 45 -72 29 -43 79 35 -100 -78 20 25 69 11 72 -98 53 84 49 -55 -26 24 -43 86 40 36 -15 -95 -60 -83 38 -10 47 -55
-81 65 47 16 70 25 16 -21 56 30 90 -98 -45 -89 -5 -28 -98 75 59 88 -39 26 7 96 -30 40 -96 53 -20 0 -22 43 52 57 -29 4 44 -5 -30 -100 -80 30 -1 27 56 62 -19 28 -65 -13 -99 88 -33 79 61 -15 31 29 -90 -73 -97 -49 87 -96 -68 -24 -73 -32 36 96 -49 -25 15 -90 -82 45 28 -65 3 -10 -77 -32 36 61 99 -14 -14 58 -90 -17 5 3 57 18 -42 -71 15 97 83 -37
-24 -37 -85 -11 50 -22 -92 -76 -28 67 -63 -35 31 -3 -91 -94 77 81 -15 90 88 -4 81 58 -49 -77 -46 -33 48 78 84 -65 21 19 -40 -21 50 46 -2 51 98 -66 84 -57 99 75 -62 88 68 0 97 -34 -33 79 2 46 44 30 28 -44 -67 -72 76 79 57 34 52 -49 -67 -2 -33 10 -70 -99 53 80 41 -52 -25 -6 20 -9 27 -15 -84 -36 -27 -86 -6 -88 -44 3 -75 -5 -81 91 98 -67 28 32
18 73 6 96 96 -15 -54 31 -83 1 -82 -94 1 -55 75 -57 68 -29 22 20 96 -88 -97 -31 20 28 -80 90 -71 -34 38 -85 53 -51 3 -72 -65 -58 -74 -56 -20 89 5 -91 -69 29 18 38 84 70 19 -33 -52 -66 -76 -99 -72 23 86 -43 -37 36 -6 35 38 -39 -16 99 29 -61 -50 58 48 -42 83 -4 35 -53 -7 -19 -97 -89 -12 16 69 80 -81 -24 57 -93 7 -99 12 -27 -77 11 -10 83 50 10
-23 -33 -88 -49 -21 99 -92 -83 -33 12 -91 51 -17 98 -27 69 12 -7 -39 82 23 15 73 -71 -20 26 98 -51 75 32 59 26 -80 0 23 -96 55 -43 -80 88 -13 -47 -81 -79 -54 -59 -72 76 54 -64 69 -91 -16 41 -44 -50 -53 57 -82 97 -76 11 -46 58 -64 -72 56 98 58 16 -2 25 32 -52 60 -63 -60 -31 -59 -88 -90 14 67 25 29 58 8 81 -96 98 -99 72 21 13 93 -80 4 58 15 -74
-5 10 19 -63 78 -15 -64 87 74 -94 59 77 -87 -63 -71 11 27 -6 14 94 97 -68 17 69 94 -95 45 25 -78 -74 -62 44 71 -48 -50 53 -70 95 -39 57 91 -51 71 -58 -35 -95 -99 76 -48 -32 85 -67 28 -63 78 -73 -53 -14 -4 -34 -31 88 -23 -85 47 79 53 -74 33 72 46 -84 -86 -19 9 71 -88 46 70 98 -99 96 -44 38 -65 -45 -79 69 -41 -79 20 24 6 61 -25 -10 -68 7 91 2
-90 -60 -5 77 42 60 50 72 -2 -55 65 10 -11 86 94 94 96 84 80 -29 39 94 -98 53 -76 -33 -41 -85 -63 -52 -96 -31 74 -30 -54 18 -48 -20 98 -37 1 -27 80 55 -97 15 -23 7 96 63 44 68 98 92 27 23 91 86 30 -70 -76 -78 -74 32 91 -63 -12 43 99 47 -13 24 -16 -62 37 -27 -27 -3 -27 -81 22 -90 26 58 -31 -52 -35 55 36 18 31 6 -3 -20 84 -11 93 21 -11 -39
-53 -68 -29 -13 -47 26 40 -58 52 -90 -51 -5 13 74 17 -56 90 -15 -28 -20 -80 92 -72 -56 -25 -39 26 33 -44 82 -49 90 73 66 0 50 16 -73 11 3 -48 13 -78 -20 -20 79 56 53 27 73 35 61 -53 46 87 28 30 13 -67 63 -100 -56 63 50 44 -82 20 14 -41 8 -24 27 -95 -73 -30 67 88 58 -25 -94 81 27 -88 82 -41 -24 -56 5 98 -33 90 34 52 -59 -90 10 94 19 -55 -21
21 37 -11 77 -27 35 25 -16 -34 4 4 97 16 -24 -63 53 21 14 57 -65 -19 16 84 94 -77 -59 31 -27 -91 -48 69 -100 -26 1 -16 -25 58 0 70 -48 -81 68 -69 -99 -73 -20 99 74 69 93 27 12 11 13 -66 22 0 28 -10 -29 96 37 71 37 -12 76 20 24 -2 -89 -24 -86 -76 61 45 46 -74 81 85 35 -59 12 -82 -2 -83 -41 17 35 91 59 94 -45 91 94 -24 1 46 43 -59 -90
-34 22 -93 -43 49 58 -25 -13 -95 -20 65 64 21 42 53 -18 -17 90 -56 -44 22 56 44 -34 -45 -38 48 63 -80 40 -60 83 72 -46 88 -36 64 95 -23 -30 16 -91 -14 -83 49 -28 73 -27 6 73 -12 77 8 -11 90 39 46 -80 -63 98 -52 -18 23 -59 16 -37 -20 64 -13 41 -53 34 99 57 -75 12 -73 -66 27 -3 43 -72 -99 -98 42 -62 60 47 85 33 77 98 -41 -72 -49 -53 -80 -83 -26 -56
5 51 -87 -90 -97 12 -16 -22 -60 43 -48 44 36 19 -46 -89 -46 -11 -5 -72 -25 69 30 -65 -34 83 -99 9 12 0 -30 -65 -76 58 -15 28 3 35 -79 64 46 36 -96 46 -28 -41 23 -18 -24 -66 59 96 -57 -47 -62 45 -47 41 -67 97 28 84 -27 -98 -5 -43 25 26 43 -23 34 60 -97 -31 38 -94 -20 -44 6 0 -10 -73 -53 -68 61 -11 40 -93 -14 -47 -99 -51 -66 -32 -80 45 -26 25 10 -84
-24 92 33 -2 88 53 15 31 -45 66 87 43 4 -74 -25 -78 -83 24 -31 10 50 96 31 -19 -97 10 13 -40 -9 45 23 -99 -89 -48 27 -35 -91 94 99 95 68 25 -97 40 33 -92 95 88 -84 75 5 50 -65 89 31 -74 -3 87 97 -96 31 23 -47 -21 -90 -50 -79 88 -98 46 -71 -68 82 78 -58 -20 7 -11 34 -72 -45 50 73 18 62 -47 -61 34 -96 -95 -29 -68 -36 4 -7 85 -33 -62 -28 93
80 -25 -3 36 81 98 -16 75 11 -27 73 20 -39 9 -70 -21 73 50 -27 -14 -95 63 -71 85 76 -20 -100 -26 -20 -32 -70 -95 48 -19 75 -50 1 -55 36 99 42 75 -81 55 -98 -22 -19 23 -61 36 -21 24 8 -59 -73 -97 3 -46 -85 -64 41 -81 -10 -21 46 -32 -23 34 -99 -87 18 -54 64 53 -28 46 -93 76 61 -34 49 -72 53 50 26 14 -2 -39 -89 74 -21 26 -67 90 70 6 89 80 -67 -45
-62 -10 -19 -58 -22 91 32 19 85 -12 68 -12 -51 -80 -32 55 -90 -16 -64 63 -80 0 37 -69 26 78 48 -49 -66 48 -21 -10 2 -63 83 -67 37 -20 77 -2 61 -40 83 -5 52 -98 -31 -68 99 54 3 52 -38 19 -78 83 -53 28 15 -20 -38 0 -25 83 55 91 -100 -32 -81 -95 53 89 -7 -30 33 -21 29 33 3 -56 -70 56 58 -100 3 5 -88 -73 59 -88 87 14 -68 92 -41 42 87 -72 27 62
-40 23 -13 -83 -58 -94 -92 9 73 -64 -80 27 75 80 -16 -60 58 -47 -33 -46 40 -40 -49 -99 -36 -29 -56 56 61 32 -80 -2 -67 -96 -33 -44 -61 66 2 -76 14 85 25 42 -21 -2 -57 -100 -40 23 97 -39 -41 26 -7 87 80 98 48 38 -76 -30 -4 82 -91 9 51 94 64 0 96 -89 -33 -75 15 -71 26 -68 17 66 -10 83 -6 33 50 94 79 -89 98 -20 35 30 62 20 -80 -39 -49 -34 81 45
93 12 64 -43 31 81 -26 -81 39 -70 42 10 72 9 -95 -10 61 33 -40 3 -3 68 -90 -77 3 -95 59 6 76 -68 34 -56 -74 -5 -26 35 89 91 -38 -39 -93 -35 66 1 29 50 -12 54 14 -20 75 -24 23 -50 -23 75 -42 -66 55 86 51 -44 -38 16 18 -32 24 -19 73 60 47 69 -61 8 22 19 -9 -52 21 -53 -2 42 -16 26 22 -49 -35 41 -60 -96 68 11 21 -41 -23 77 7 -49 -26 -2
-42 0 -2 31 -69 -50 3 92 35 85 10 -36 -68 53 -49 -46 66 13 60 -84 -95 -25 -73 -56 -95 -16 31 -73 -99 25 47 35 -1 -19 36 -25 91 40 40 29 3 43 72 -90 81 77 93 68 80 82 83 -9 -100 63 6 -14 -12 -3 -61 26 -86 -65 34 -7 3 75 -71 -62 -77 -31 -6 -49 -86 69 60 -42 -91 -97 83 -59 44 70 -81 62 -12 47 23 -34 -77 61 -78 84 -100 2 -95 81 -71 -36 4 72
-56 -88 27 42 -56 -91 -55 86 -37 85 46 -2 80 30 -35 -67 -70 88 45 46 -82 -61 -72 83 19 -74 -84 31 -44 28 -3 -13 42 7 25 64 -64 -5 99 51 -76 53 -4 -13 76 13 41 55 -62 64 -18 39 -36 32 39 -80 72 -30 -60 -10 -8 -33 -94 -40 71 -5 18 -13 85 70 65 56 28 90 95 95 -74 23 -82 -89 17 -86 -43 -36 69 52 83 62 -44 -49 -17 53 20 -19 31 73 44 -78 -69 76
42 -12 68 -40 -36 -59 -22 51 -15 63 89 -34 -13 89 32 -61 -31 -73 11 77 3 31 19 94 -84 62 -44 94 95 28 -39 10 78 97 -31 -5 70 74 38 76 66 -20 -72 -3 16 -99 -43 40 55 4 -83 -45 97 -3 -26 -51 95 -95 45 -99 97 -18 -84 -32 97 26 89 -42 77 -78 39 95 -23 89 -55 -21 44 3 20 29 71 -13 -75 76 0 14 -88 -43 84 -91 99 97 23 -78 -26 29 -16 -43 51 -97
0 -88 -7 71 87 -20 -23 -82 -83 -7 62 83 93 -56 -67 39 -96 2 72 -52 -58 -55 45 -1 -29 -19 -15 -40 -31 80 46 -16 70 23 -33 -72 24 -54 85 -93 25 -47 -92 -88 71 98 75 -66 -65 79 -4 -86 -14 -82 -54 -52 -36 -53 18 20 -98 84 -16 -71 -21 -32 -94 70 56 -24 19 -25 95 45 7 31 -43 -7 84 38 17 38 26 -28 4 21 0 -7 -6 70 -68 54 -32 24 88 78 92 0 2 36
75 -25 -26 -65 90 78 17 61 17 -97 -86 -13 37 -29 -1 -51 71 99 19 -69 -11 -96 42 -92 95 -93 -59 7 71 70 -36 86 -35 62 -16 19 -94 97 -52 58 83 -22 -14 36 60 64 -27 -41 -93 33 -45 -1 -39 -44 -84 -85 16 81 52 56 15 45 31 16 -99 61 -89 -14 -88 -60 -12 6 42 49 -66 42 -5 39 96 22 -20 -58 64 -89 -96 -14 43 -36 -11 -9 12 59 -75 -41 -62 1 36 43 -28 7
-1 -8 -95 -79 -5 81 79 48 17 29 -64 -22 70 -32 -12 65 -20 92 -100 -73 -72 -51 -45 21 -21 84 86 -41 81 57 93 -39 -19 10 20 30 20 -14 -88 -86 1 -19 -18 51 -56 31 -46 3 -83 63 11 91 40 -19 40 -6 39 29 33 11 18 94 1 -42 1 74 -22 -76 58 45 25 -44 -36 -16 -18 23 24 62 -93 -13 -10 -52 -34 81 57 55 -46 -95 -54 -47 9 48 3 -54 12 -97 -53 70 -24 -3
18 -23 -7 -2 88 -97 59 -47 -86 -18 -31 65 -39 -73 -94 -73 27 -82 37 -58 -62 -25 66 -65 52 0 -55 -25 -21 43 0 37 93 -75 69 76 -55 92 -10 55 4 90 73 7 51 -53 -74 18 -4 50 21 -37 23 41 39 95 -20 -28 59 -70 44 -31 -88 49 -81 -20 21 10 -1 -80 57 67 82 -21 -67 17 -6 -35 68 85 29 92 55 69 -70 -40 33 2 99 -74 -31 -57 -42 1 20 -10 -95 54 -48 -19
-83 29 9 52 86 55 38 38 11 -92 16 90 -8 -43 -88 60 55 76 -3 -32 6 -63 -46 8 -12 -9 -66 -20 90 85 -60 -23 46 52 -94 67 -25 94 40 87 60 58 46 3 -45 28 -85 -35 10 -95 30 -82 18 -4 -27 1 92 -84 -100 -72 85 26 40 83 -34 52 -36 13 -63 81 62 -66 -44 -25 -93 -82 70 -30 -32 5 95 -88 8 -75 -66 15 63 86 -54 11 91 94 -93 1 -82 -81 -87 54 28 48
56 -26 -4 -70 41 -52 75 -16 -8 -87 22 -17 -94 39 -90 -40 52 30 26 32 -48 45 -60 98 23 -23 44 83 78 42 80 41 -100 -25 -6 -53 -26 91 26 -73 7 76 71 98 -20 -48 -86 -90 -79 -29 65 -16 -8 -73 -85 -69 -37 -71 -33 27 35 8 -63 -25 -34 67 -50 11 -31 38 52 40 83 75 71 -42 62 -29 88 11 -74 -22 -64 -44 88 -82 30 -51 -33 66 85 23 75 82 34 74 9 -18 23 9
