-61 0 24 2 -37 84 -76 25 20 68 61 37 -44 22 75 57 -49 49 8 32 -60 -23 -34 68 -8 39 -56 39 73 73 30 -45 -58 67 32 -96 -91 50 14 15 69 -72 21 -69 -46 -32 -34 -47 -38 -38
-30 95 96 -94 35 86 -51 -59 -40 -48 -43 11 -59 -79 63 -21 -73 -11 51 -62 56 60 -11 13 60 97 -69 -52 -93 -32 64 -26 -30 -88 -33 20 -65 -19 -27 99 38 -8 -50 85 46 -14 -14 -60 17 -36
28 60 -87 -60 -56 62 -55 -88 40 -41 74 -88 4 96 34 -50 32 -42 -81 21 10 -98 -100 -89 -89 57 -74 -20 -85 3 9 68 -27 35 -60 -71 -28 84 46 86 -89 -89 -7 89 -71 -51 -18 -40 -88 95
15 71 71 -59 17 -73 -59 -88 -78 -61 28 -79 87 -72 -96 12 49 97 -93 -57 -72 -33 9 -16 23 -10 -15 88 65 97 -78 8 75 -2 96 -54 32 60 70 21 22 -21 21 -72 -51 -28 -34 -69 75 38
60 -70 -72 4 -58 85 -9 40 45 -33 38 42 -16 -70 -6 14 47 1 -56 -93 -28 89 83 97 93 -78 39 3 51 -97 -8 25 -66 40 -82 86 -57 16 -53 -63 0 56 -80 14 -49 -29 -77 -20 -94 -94
31 66 -53 44 -55 -48 -51 47 -59 62 -75 25 -20 -65 94 4 -44 -57 38 28 -66 -19 11 -63 -89 34 43 -88 -48 66 -65 29 18 67 98 -64 -22 -51 -66 -93 -39 2 53 -88 82 6 52 -92 -19 -5
-86 -25 -14 98 73 83 65 99 19 -67 -91 -16 -52 86 16 40 67 -82 -66 31 -41 -1 87 -78 -65 -49 84 58 61 -58 -10 -47 -92 -7 -77 -44 7 -57 87 -73 -78 39 86 -39 76 30 -51 1 95 -47
-82 96 -85 5 26 65 -58 14 -13 -72 39 46 -23 64 -98 -68 67 -7 28 -15 -30 89 80 -31 7 21 60 85 -71 31 -85 -56 77 55 27 8 -24 71 59 93 -80 -70 -90 -95 82 -21 -17 -6 -94 -46
84 14 91 -100 -55 13 -62 70 -22 -55 36 20 70 38 70 38 59 22 43 23 23 62 19 78 49 -46 19 -51 73 -92 -71 62 -41 -38 96 62 14 74 12 -81 42 99 3 93 11 36 -20 -1 82 -94
-93 53 57 -28 17 77 40 8 -21 -38 -29 77 -10 -5 -61 19 -27 16 50 -53 19 59 72 70 0 62 52 -75 -83 -77 -100 -62 92 -19 -18 98 72 85 74 52 -57 -97 -75 80 75 64 25 -73 -38 87
-64 -69 -39 21 79 63 -97 38 86 33 78 -2 54 70 31 81 -93 -11 -70 18 -59 -43 -1 -14 49 89 -46 -44 -3 -85 56 -14 67 80 51 23 65 -56 19 -38 -51 -96 16 -85 22 85 -1 -64 -99 97
-10 -32 -40 58 10 -89 -27 -9 11 61 -95 60 40 -77 1 99 81 66 62 36 59 24 -53 1 -61 -38 -88 -91 -100 -37 -98 -49 -12 35 22 -76 97 -33 -19 -66 9 85 28 -16 -18 91 72 -47 77 10
32 -72 -83 -41 70 -25 -49 -21 37 61 84 -37 64 -29 -44 81 49 78 68 30 -83 -89 52 -22 -62 -97 -36 70 -58 94 83 -74 -95 -30 62 32 49 36 -70 -24 -30 12 -77 66 7 62 -29 69 -28 -23
36 17 99 49 -61 49 -53 59 46 78 -25 -83 51 78 -87 58 -28 87 69 -30 50 -1 -52 52 89 94 45 -36 49 -61 -16 -10 48 79 1 63 18 17 -86 -21 -22 -4 95 31 -48 77 51 48 93 1
-47 -68 -59 -79 -19 -56 11 -64 98 75 37 -42 52 -54 -37 -11 5 48 -3 -5 -39 -91 94 27 -93 98 10 2 -38 63 97 25 -75 -61 -41 -1 58 1 -39 -90 -20 -54 -80 98 -52 76 87 55 -9 -40
-2 -46 -60 -51 -89 -29 -58 93 97 80 76 61 -70 60 -69 6 55 49 -37 35 59 -89 -22 -65 -58 32 33 30 -83 -14 -54 -53 -20 78 0 86 29 -1 -56 39 27 -14 -79 55 -53 -31 24 3 77 40
10 54 -17 98 -29 20 -7 21 96 67 -68 -15 78 87 41 -60 38 -16 -54 74 85 49 -62 -74 3 88 -95 -52 10 35 51 -86 -62 -57 23 -76 -29 92 92 21 54 -64 79 88 98 -51 13 -13 52 -62
-2 81 31 29 -82 63 -96 37 -36 38 14 -57 -83 28 -79 16 -55 -78 95 57 -20 71 94 5 2 69 -4 -87 24 82 76 -98 74 -60 25 -92 46 -53 43 63 -69 30 30 10 50 52 -56 -28 71 54
90 -54 51 14 -1 10 40 -29 98 59 -99 -77 67 48 19 32 70 34 -65 59 56 86 46 3 24 56 85 7 -8 -27 18 53 11 59 2 36 -8 -20 -84 13 -72 -89 81 21 -87 -5 -40 33 16 -60
2 -19 62 -81 55 44 -95 -6 45 -63 -60 17 64 -44 35 95 66 -92 -89 -8 40 -93 49 -7 6 75 65 -66 57 -16 29 -52 29 14 75 -100 6 66 26 -66 8 -60 87 88 65 -78 80 0 -52 51
16 -46 -47 85 25 -47 75 -8 3 74 68 80 -55 -25 38 -75 -12 -37 -100 66 16 60 80 39 38 30 26 -36 -3 -91 4 -86 43 54 60 -69 -55 -28 17 39 91 90 8 -8 -40 -90 92 44 -20 -7
22 -92 83 -14 -49 -15 -74 86 17 16 80 48 -20 -76 93 -35 63 -18 23 -87 10 66 -74 -16 -52 45 11 -33 28 8 19 75 17 -22 -26 18 -60 -53 -15 -8 -97 -32 -26 -1 35 -15 -59 -37 61 -40
43 -13 49 -71 89 90 -34 87 -59 -69 -86 -11 60 -27 77 -43 36 54 50 33 -98 -10 70 96 48 -79 -40 -42 -93 19 -80 -37 -38 -65 -85 17 36 41 85 23 85 -55 -70 -20 70 -7 -41 82 16 -45
19 -55 -77 -44 49 93 -89 93 77 -2 -36 -44 -64 -35 55 55 -68 -24 16 42 40 87 -96 -44 26 -16 97 -70 -4 81 74 -25 -76 4 80 -16 60 -82 7 18 96 -31 -12 78 -92 -25 67 -67 93 -97
4 16 -59 84 80 -83 -10 51 7 70 31 91 -51 46 41 -24 82 -53 -47 75 44 56 -69 88 38 39 46 89 38 75 34 70 7 9 45 -12 27 -60 -37 -79 45 -65 74 13 53 66 -83 56 57 41
61 50 44 46 14 -17 50 76 -61 92 51 -46 14 -25 -89 42 13 -20 42 -52 -59 -21 -21 -49 45 -21 4 -51 -3 -98 -54 29 -32 54 -83 70 -33 -38 -82 -77 14 33 59 84 -42 -16 -30 -8 -71 -51
55 23 -94 61 11 -85 -92 17 -38 -66 20 -25 -70 -68 -24 40 -82 -89 -31 -70 41 37 -99 93 66 32 -93 82 24 -23 34 -47 45 -47 -70 50 90 21 49 2 -33 -68 -45 94 29 47 95 10 78 -32
19 53 -17 88 99 -81 58 62 -44 -56 38 46 8 -64 1 -17 -10 20 85 -31 -19 -83 77 33 -21 -72 87 -84 -69 75 39 69 -43 6 30 10 67 -68 -65 -55 21 -46 -48 -67 -75 -87 22 -7 44 86
-74 -47 -75 -26 88 -51 60 91 -60 -11 -57 -2 -2 71 27 51 -92 -19 -7 -36 59 34 47 81 -89 64 -80 -30 -57 30 97 -64 -62 -88 -27 -76 92 -48 -56 27 -9 -69 58 21 59 55 41 -13 95 30
-81 -62 -72 33 10 -47 31 -87 43 1 -93 -97 -34 -12 18 6 -51 2 -29 -66 84 -95 -73 91 72 79 4 -29 -52 -75 -26 -12 -59 7 -64 -5 83 34 -31 20 -82 -91 0 -28 -55 91 38 -15 3 6
44 -53 71 -38 67 5 -27 -23 39 -16 -78 -65 -53 -32 -10 -72 -47 -58 -93 -24 -56 64 -60 3 -19 -48 27 -97 26 23 -26 -55 -52 29 -10 -54 77 -45 94 97 33 -34 -98 34 18 33 92 0 -89 47
-17 8 -9 -44 50 -38 -17 97 48 -47 17 -100 59 -48 -8 18 24 13 74 26 -43 97 -36 31 45 -50 -13 71 82 50 -42 49 64 72 -42 84 -54 -16 69 -91 35 98 65 -21 81 26 69 -36 -86 21
19 -3 84 -35 -90 -20 -87 -33 -26 -39 -60 -23 24 65 38 -49 70 -16 64 91 -47 61 70 -77 -2 -65 -9 -21 97 63 -69 84 -5 93 25 44 81 -49 53 -10 -26 31 -55 11 38 47 -18 34 -86 -17
35 96 -56 -92 -25 -98 -14 91 -62 -46 39 -53 -39 53 11 -83 -18 62 -9 -44 -100 25 58 39 -50 -44 42 52 -68 41 69 -7 -3 -72 11 26 94 -64 75 -86 55 -14 60 15 -55 37 13 -49 -20 12
19 1 38 -18 -11 36 -3 -34 20 -20 23 16 -68 90 37 11 -54 25 -70 22 -58 61 -42 79 -66 59 34 -20 2 -9 48 65 7 -32 -37 -44 85 -26 18 14 78 -42 -90 -38 -40 55 -7 -88 39 -80
5 -57 76 58 -56 -28 27 62 22 -53 11 -83 -10 -50 -21 23 -92 78 10 -41 -81 -61 -82 -25 -8 88 86 -38 79 71 58 -28 43 -23 -47 -92 11 3 -1 -79 38 -42 8 -71 28 45 -17 -69 66 -47
38 88 67 -31 99 -89 17 -34 -38 93 -42 50 -50 90 27 -90 97 87 48 44 -5 -90 45 -22 -7 -46 54 13 5 89 13 -12 -19 -42 39 6 -36 -49 72 67 92 55 -92 65 -57 -28 90 99 62 37
-47 -39 -26 -27 -76 98 94 -39 -62 26 10 -68 -88 26 35 -36 -8 35 -73 82 96 85 25 39 65 -23 -34 92 -60 -85 34 -68 94 -56 -52 -28 34 74 -21 85 32 56 -96 90 59 -79 -27 -14 -30 -12
23 -65 -48 68 91 8 9 -54 43 -49 -17 4 38 -19 75 79 51 57 -1 -49 11 1 81 -40 21 45 56 5 6 56 -56 -99 -37 -6 71 -45 48 14 12 -12 9 94 37 -58 35 -14 98 41 24 71
49 85 -53 -69 70 -8 17 -56 71 0 -99 -50 -35 86 -47 77 -97 -21 9 -81 -42 19 49 -82 -41 -84 13 50 56 29 -37 -22 -82 -95 -82 43 10 13 57 -67 52 -91 -87 11 -29 46 46 48 51 42
47 -37 -69 -95 -72 -18 14 -91 -83 27 -20 10 -90 -62 -10 -97 -89 83 -48 -75 16 -11 88 -30 -92 70 58 80 15 90 -27 47 38 53 61 -13 30 25 66 -6 -31 -40 -92 11 26 15 -24 -56 63 92
-97 82 94 43 -54 -99 44 -88 98 -21 25 69 75 49 -32 47 -79 49 -2 68 51 54 76 54 -68 32 26 64 4 8 39 98 -85 -91 -84 34 -19 -87 -17 -82 4 19 -38 94 -80 61 -3 -40 -61 43
24 59 94 -3 34 53 -80 87 53 -75 -90 -72 -30 -33 -11 72 72 -77 49 67 -86 64 -42 -63 -8 84 -79 -41 51 -91 35 53 15 -49 33 53 20 21 -71 -100 -14 84 -67 -20 -98 58 -89 -75 50 -3
-39 43 -66 23 62 83 67 -74 -97 95 47 -54 28 0 -1 64 82 89 14 90 66 -29 -4 70 27 -32 -80 -24 24 74 -37 16 70 73 -8 -80 -58 -59 79 40 -95 -88 20 -85 72 -54 -28 48 55 31
-98 -75 88 -73 5 94 -40 -79 39 96 80 27 -88 74 -100 -83 82 -92 -29 38 8 -55 76 29 95 -26 7 16 44 9 -58 -75 -43 -40 -86 -90 -84 12 -92 -44 -61 87 -95 13 2 96 -81 -62 31 -12
-40 28 -74 76 47 79 67 -10 -21 -51 -57 60 14 70 -47 -69 -72 -30 50 -51 40 12 -59 65 -58 -58 24 -9 -7 40 -87 -8 60 40 -58 -7 -42 -42 -4 -28 -89 -78 -61 69 50 49 8 -89 61 -77
16 44 -4 -98 -61 -48 91 -82 -41 -67 -84 -3 32 -95 -68 -29 -56 -45 97 -76 -26 -66 97 -69 42 -88 -34 0 -56 -8 85 76 27 -8 -52 -27 67 -41 -54 -85 -99 -4 53 -65 49 -60 -30 -19 -21 54
-51 24 -75 4 -21 -73 -35 -40 87 -18 46 -18 -50 26 -12 15 64 -97 -88 5 87 59 90 41 73 -20 -100 6 71 34 38 -45 47 4 -34 -5 -28 -16 -76 49 78 -3 -85 -49 37 -21 89 74 -74 52
-61 19 -94 -18 30 -70 37 -51 -2 -31 -99 -53 -69 -49 10 79 19 33 -99 27 -63 66 93 48 -74 55 -17 15 98 -24 37 71 -28 -65 -16 3 -26 20 65 39 77 -69 84 60 50 87 -90 82 -30 13
-95 -80 -32 9 76 -87 -100 34 -100 1 -84 45 63 -64 -62 21 70 75 4 26 -64 -97 -91 -48 78 55 77 74 80 33 85 -55 -36 53 -44 69 56 81 -98 76 -72 -88 23 22 -17 46 19 49 -66 55
